252.95 -214.95 46.19 0 0 0 1 
188.135 -156.884 77.0906 0.0187997 0.246885 -0.787964 0.563743 
103.136 -147.465 85.7731 0.0658594 -0.0579043 -0.797242 0.597256 
-80.6191 -161.234 100.664 0.183419 -0.664313 -0.526858 -0.49746 
-121.933 -131.423 83.3897 0.17876 0.250889 0.175252 0.935086 
-131.344 -64.8657 85.8226 0.0575656 -0.0582874 -0.0190922 -0.996456 
-138.394 19.0121 98.8531 -0.0798863 -0.069494 0.101119 -0.989224 
-136.379 113.427 115.104 -0.157848 -0.104589 0.426229 -0.884576 
-75.1326 222.886 135.741 0.121603 -0.0264925 0.98892 -0.0809203 
-7.37026 251.092 138.435 -0.156231 -0.289493 -0.912326 -0.243817 
10.9105 253.932 138.423 -0.124522 -0.390076 -0.8701 -0.274337 
86.2223 235.896 129.259 0.0969253 -0.700446 -0.641712 -0.296962 
139.394 207.827 115.804 -0.216076 0.775807 0.452265 0.383264 
262.95 75.05 46.19 0 0 0 1 

